10
-1.200000 -0.200000 0.800000 1.800000 2.800000 3.800000 4.800000 5.800000 6.800000 7.800000 
10
-1.200000 -0.200000 0.800000 1.800000 2.800000 3.800000 4.800000 5.800000 6.800000 7.800000 
2.880000 1.480000 2.080000 4.680000 9.280000 15.880000 24.480000 35.080000 47.680000 62.280000 
1.480000 0.080000 0.680000 3.280000 7.880000 14.480000 23.080000 33.680000 46.280000 60.880000 
2.080000 0.680000 1.280000 3.880000 8.480000 15.080000 23.680000 34.280000 46.880000 61.480000 
4.680000 3.280000 3.880000 6.480000 11.080000 17.680000 26.280000 36.880000 49.480000 64.080000 
9.280000 7.880000 8.480000 11.080000 15.680000 22.280000 30.880000 41.480000 54.080000 68.680000 
15.880000 14.480000 15.080000 17.680000 22.280000 28.880000 37.480000 48.080000 60.680000 75.280000 
24.480000 23.080000 23.680000 26.280000 30.880000 37.480000 46.080000 56.680000 69.280000 83.880000 
35.080000 33.680000 34.280000 36.880000 41.480000 48.080000 56.680000 67.280000 79.880000 94.480000 
47.680000 46.280000 46.880000 49.480000 54.080000 60.680000 69.280000 79.880000 92.480000 107.080000 
62.280000 60.880000 61.480000 64.080000 68.680000 75.280000 83.880000 94.480000 107.080000 121.680000 
